0 0.13452610186924618 0.1037143197926608
1 0.07369554669342258 0.06487178429961205
2 0.05933111570775509 0.05341335013508797
3 0.051626027811487965 0.047229626469991424
4 0.046826339523069374 0.04327265528792685
5 0.04341026049815426 0.040449769659475845
6 0.04074438190364764 0.038266269490122795
7 0.03855066743586982 0.0364956876093691
8 0.03669641382399608 0.03503117134625262
9 0.03509773965617103 0.033797266469760376
10 0.03369981576149806 0.03273666904053905
11 0.0324686765274387 0.03181915730237961
12 0.03137818656357636 0.031013996594331482
13 0.030403518219755517 0.030300312929532745
14 0.02952545450092101 0.029662268998270683
15 0.028729589767022876 0.02908950544555079
16 0.028003530582790225 0.028574323958971283
17 0.02733850633332983 0.028104967268353157
18 0.02672747168093458 0.027676528827710586
19 0.026163011306919896 0.02728352771902626
20 0.025640523871252974 0.026921925134956837
21 0.025154788024369473 0.02658534583381631
22 0.02470346958268711 0.026276195591146297
23 0.02428168347490228 0.025988929481668907
24 0.023887747197704437 0.025721781379119915
25 0.023516720241274346 0.025468543933873825
26 0.0231683455438407 0.02523269241845066
27 0.022839788093293192 0.025012050501324913
28 0.02253045239639738 0.02480397695167498
29 0.02223699665455194 0.024606188081882217
30 0.021959935447532098 0.024422901767221363
31 0.02169591245984212 0.024244736372069878
32 0.021444421820342542 0.02407915729352019
33 0.021205398295659664 0.023919887078756637
34 0.020977124074966578 0.02376898843795061
35 0.02075897624238956 0.023624869910153477
36 0.020550131897080288 0.02348736199465665
37 0.0203492704353657 0.023355609737336636
38 0.02015746584150571 0.023228667422451756
39 0.019973535296768874 0.023110963065515865
40 0.01979677058498506 0.022995110431855374
41 0.019626700528127657 0.02288535533642227
42 0.019462138903519707 0.022780343466861683
43 0.01930408677478775 0.022681914693252606
44 0.019151124643154195 0.022587110203775494
45 0.01900279374835505 0.022495302202349358
46 0.018859563950326078 0.022408093156462364
47 0.018721113221388894 0.022323369641195644
48 0.01858675489240626 0.022241427393799477
49 0.01845613957482798 0.022163880988955498
50 0.018329915006198606 0.02208918451585553
51 0.01820753557272717 0.02201808887449178
52 0.018088014719022577 0.02194474544376135
53 0.017971532963878236 0.021874220787801525
54 0.017858736955730075 0.0218064392154867
55 0.017749253504578608 0.021738900972360916
56 0.01764192529857805 0.0216748985377225
57 0.0175381710448818 0.021614235995168037
58 0.017436852480269476 0.021556409160521896
59 0.01733803450118381 0.02150037588382309
60 0.01724156037142331 0.021442567252300003
61 0.01714782018814821 0.02138909511268139
62 0.017056498445632045 0.021335949274626644
63 0.016966982936094062 0.021285323341461746
64 0.016879953484605106 0.02123552645471963
65 0.016794480222723764 0.02118778812953017
66 0.01671102938303832 0.021141550249674103
67 0.016629634274762464 0.021096390841359444
68 0.016550083457461503 0.021052237684753807
69 0.01647187283047098 0.021009608002548866
70 0.016395374736556213 0.02096840332854878
71 0.01632057061045592 0.02092872238294645
