0 0.5104471534921611 0.4188595170324499
1 0.2825473416535076 0.25825141302563925
2 0.22705937522378836 0.21324817700819534
3 0.19856150099807535 0.18917697735808112
4 0.17925596497491125 0.17306704345074567
5 0.16458355000411923 0.16096750511364502
6 0.15307860245758836 0.1515710259025747
7 0.1438116764772899 0.1440700732848861
8 0.13618459116575146 0.13793232799931007
9 0.1297953568691434 0.13280781189149077
10 0.12435504506873198 0.128455441783775
11 0.11967757767112541 0.12471025606448
12 0.11562268567879584 0.12144683741710403
13 0.11207764524166003 0.1186045462434942
14 0.10894637655713095 0.11611094833775
15 0.10617213117282007 0.11389796503565529
16 0.10369719288134871 0.11192957244136116
17 0.10147270811798652 0.1101629954170097
18 0.09945616157386791 0.10857029801065271
19 0.09762663301927123 0.10711650347167795
20 0.09594054344410369 0.10578099468892271
21 0.09439855203540488 0.10456972603093494
22 0.09297369694614337 0.10344860364090312
23 0.0916484641065159 0.10241996022787961
24 0.09041372001294262 0.10146031630310146
25 0.0892551851297213 0.10057542202147571
26 0.08816884812506393 0.09974820268425075
27 0.08714481187476353 0.09896905313838612
28 0.08617967366325584 0.09824393825097517
29 0.08526818683940517 0.09755796939134598
30 0.08440175358329184 0.0969162830574946
31 0.08358607689565248 0.09632862833413211
32 0.08280923337683328 0.09576452760533853
33 0.0820668213577433 0.09521473944187164
34 0.08135439837659317 0.09470434520732272
35 0.08067347815121748 0.0942151431332935
36 0.08002421783421897 0.09375605325807225
37 0.07939755282757327 0.0932963907041333
38 0.07879454805323284 0.09287970005111261
39 0.07821866772330004 0.09249525347893889
40 0.077663341095317 0.0921213985844092
41 0.07712889867873231 0.0917514173144644
42 0.07661526916656367 0.09139293330636891
43 0.07612163850822108 0.09107567742466927
44 0.07564637857250685 0.0907616103914651
45 0.07518500916752195 0.09046314521269365
46 0.07473881064937257 0.0901598297059536
47 0.07430537436619278 0.08988684652881189
48 0.07388829951798005 0.08962620219046419
49 0.07348168400878256 0.08936912363225763
50 0.07308769682191374 0.08910178054462779
51 0.07270662674972833 0.08886951174248349
52 0.0723354632281198 0.08865459500388666
53 0.0719738022662884 0.0884136665951122
54 0.07162485671545232 0.0882231251082637
55 0.07129117838099353 0.08804920180277391
56 0.07095990960201448 0.08782918886704878
57 0.07063414846847127 0.087640392170711
58 0.07032074887490224 0.08744563771919771
59 0.07001501422852648 0.0872662483968518
60 0.06971621774290958 0.08708251911130818
61 0.06942853573017008 0.08692071451382204
62 0.06914590579911697 0.08674428849057718
63 0.06887488705760314 0.08659092844887213
64 0.06860213294348194 0.08643452382900497
65 0.06834362678860953 0.08627953244881197
66 0.06808372950104397 0.0861457609994845
67 0.0678281376107542 0.08599829910831018
68 0.06759056715556412 0.08584667572920973
69 0.06735090937942637 0.08573809333822945
70 0.06712262347063497 0.08560767600482161
71 0.06689071612632717 0.08547937768426808
72 0.06666681517131072 0.08536060526967049
73 0.06644805033791287 0.0852485488761555
74 0.06623669043414233 0.08513194254853508
75 0.06602445618857529 0.08503083647652106
76 0.06581536564237077 0.08491173657503995
77 0.06561718993889522 0.08480651371858337
78 0.06541587541357052 0.08471132814884186
79 0.06521879375396558 0.08461609313433821
80 0.06503862060206242 0.0845207277346741
81 0.0648362571496732 0.08442437208511612
82 0.06465948389781531 0.08433203162117438
83 0.06448095074800914 0.08423910425467925
84 0.06429344273580254 0.0841416557404128
85 0.06411318431785407 0.08405645631931045
86 0.06394874682218944 0.08397052707997235
87 0.0637752794591356 0.0838957547464154
88 0.06360313395838722 0.08380885219032114
89 0.06343809199357821 0.08372116495262492
90 0.06327912339802123 0.08364341374148022
91 0.06311100557030848 0.08355847475203601
92 0.06296016371631918 0.08350073715502565
93 0.06280785318972035 0.0834351395341483
94 0.06265653725405616 0.08336587555029175
95 0.062498326037725635 0.0832792886278846
96 0.062353899741683864 0.08320752463557503
97 0.06220047867602923 0.08313525264913385
98 0.062057361194540646 0.08306974375789816
99 0.06192018078670891 0.08300940760157326
100 0.06177628495276344 0.0829489417374134
101 0.06163221164568027 0.08289517225189642
102 0.0614902982780756 0.08283472027290952
103 0.06134751266453507 0.08276915109970352
104 0.061210392845779164 0.08268984203988855
105 0.06111632236318031 0.08264089477333156
